52
54
45
28
24
22
25
24
17
19
24
36
46
50
60
52
58
59
56
59
59
64
67
69
66
67
66
65
62
62
64
62
65
60
52
43
38
36
32
31
37
36
36
38
32
31
29
21
16
14
10
7
2
0
0
0
0
0
0
0
0
0
0
0
0
0
0
0
0
2
3
1
0
0
0
0
0
0
27
28
30
28
28
35
40
39
34
36
41
50
50
55
52
53
60
64
65
66
68
67
71
72
71
72
73
69
70
73
72
69
63
57
50
40
42
37
35
42
37
45
41
40
40
33
29
26
20
16
15
9
3
0
0
0
0
0
0
0
0
0
0
0
0
0
3
3
1
0
0
0
0
0
0
0
0
0
16
21
25
35
45
50
49
55
59
51
45
48
52
55
60
63
64
65
69
73
77
74
74
72
72
74
76
72
69
70
69
64
54
50
47
43
37
38
49
53
55
54
48
45
38
34
30
29
26
20
9
9
8
7
4
1
0
0
0
0
0
0
3
3
1
0
0
0
0
0
0
0
0
0
0
0
0
0
22
27
26
29
43
56
59
65
64
63
62
58
55
59
62
62
68
71
73
73
72
76
81
80
76
74
70
61
55
61
62
56
48
45
44
42
51
59
62
61
59
57
51
48
48
39
35
35
28
20
17
13
11
9
8
6
4
2
4
2
1
0
0
0
0
0
0
0
0
0
0
0
0
0
0
0
0
0
21
22
26
33
48
54
55
57
64
68
75
76
77
71
68
68
69
70
69
73
72
72
71
71
66
61
63
60
54
51
49
44
45
47
52
58
61
64
64
64
64
61
59
53
48
48
43
40
34
24
23
20
15
14
16
13
8
5
3
0
0
0
0
0
0
0
0
0
0
0
0
0
0
0
0
0
0
0
24
26
31
34
39
45
53
60
63
67
72
75
79
83
87
85
77
71
67
68
61
60
57
54
53
51
49
51
50
49
48
45
51
58
60
60
62
64
64
63
61
58
56
56
51
48
46
44
44
42
37
32
22
15
16
15
10
9
7
5
1
0
0
0
0
0
0
0
0
0
0
0
0
0
0
0
0
0
27
30
29
30
36
41
52
61
65
71
72
73
74
80
76
75
78
75
70
70
66
56
53
46
45
45
42
42
39
40
46
54
59
64
64
59
61
61
63
63
60
56
52
50
50
49
51
50
49
47
42
41
35
29
25
19
15
16
13
7
6
3
0
0
0
0
0
0
0
0
0
0
0
0
0
0
0
0
28
28
29
34
35
40
48
57
63
66
68
67
68
66
66
68
67
63
64
61
58
53
52
53
53
50
48
46
45
46
46
46
51
53
53
56
61
63
64
64
55
47
44
47
48
50
49
50
49
47
48
48
45
40
37
33
24
19
15
10
10
6
1
1
1
0
0
0
0
0
0
0
0
0
0
0
0
0
29
27
31
32
37
41
44
50
50
53
60
60
60
62
58
56
51
47
50
51
52
51
52
51
48
50
56
57
58
55
50
52
49
51
54
57
54
51
47
45
42
41
43
44
47
49
49
50
50
50
48
47
45
43
44
43
41
37
28
18
12
9
5
3
1
1
1
0
0
0
0
0
0
0
0
0
0
0
36
35
34
40
35
33
40
45
45
47
48
48
51
50
48
42
40
41
43
44
44
45
45
47
51
55
57
54
57
60
59
55
58
58
56
57
52
43
36
36
36
38
39
40
42
45
44
43
42
44
47
48
46
45
45
45
45
45
46
33
28
20
6
3
4
4
1
1
0
0
0
0
0
0
0
0
0
0
36
40
38
36
38
35
32
34
38
40
41
44
42
37
28
32
33
35
38
39
39
36
38
46
50
54
51
54
54
57
55
54
53
53
55
53
48
43
38
38
38
39
36
36
40
41
43
42
42
41
40
39
36
36
38
43
45
47
44
42
35
28
22
18
9
4
5
2
1
0
0
0
0
0
0
0
0
0
32
38
36
33
35
37
35
30
31
34
37
35
33
30
24
24
24
23
31
35
35
33
38
40
40
43
45
49
52
53
53
53
52
51
43
43
40
36
38
40
41
40
40
39
40
43
43
37
37
38
38
37
38
36
37
35
35
34
35
35
37
24
27
24
30
22
12
5
3
1
0
0
0
0
0
0
0
0
30
32
29
30
29
34
32
34
34
33
30
27
26
28
27
20
21
20
21
25
26
29
32
34
37
37
42
44
44
44
43
44
45
40
42
39
33
36
34
32
35
36
39
44
44
43
42
38
38
37
39
38
33
35
36
36
35
36
32
30
20
17
17
17
16
19
25
33
23
3
0
0
0
0
0
0
0
0
4
9
15
22
28
29
34
34
34
35
36
35
30
26
22
24
19
17
18
22
28
30
29
30
30
35
41
43
43
43
43
45
36
35
37
37
36
31
34
36
38
37
43
44
44
44
44
46
45
43
41
37
39
40
41
42
41
36
35
27
24
17
17
16
19
17
12
12
12
19
27
18
3
0
0
0
0
0
0
3
4
8
11
18
21
27
31
32
32
40
26
27
30
28
26
21
16
18
22
24
30
30
33
35
38
38
37
37
40
36
36
36
35
36
34
31
30
27
35
40
45
47
47
46
46
45
44
44
47
48
46
46
44
41
40
36
32
31
29
23
20
17
19
17
17
14
12
10
7
8
10
15
14
9
1
0
0
0
1
2
5
9
13
12
17
22
24
24
27
25
23
25
29
28
25
23
23
23
25
28
33
32
33
36
37
38
34
32
32
31
31
32
32
33
31
29
30
38
42
43
46
48
47
47
48
49
48
48
48
47
48
45
39
35
33
30
27
26
26
28
26
18
17
14
14
9
6
5
5
5
6
7
10
9
1
0
1
3
2
2
2
4
7
10
14
17
19
21
20
16
19
22
22
26
23
27
28
25
27
32
36
34
32
30
29
30
32
31
29
31
27
28
27
29
33
38
41
40
43
39
42
45
48
51
51
50
49
45
42
40
38
38
37
31
29
29
30
27
26
23
21
20
16
11
6
4
3
3
4
3
5
5
1
2
3
0
0
0
0
2
1
2
4
6
12
14
14
16
15
14
13
16
19
22
26
27
27
24
25
27
29
26
30
30
32
30
26
29
25
25
27
30
33
39
38
38
40
42
44
45
45
44
41
43
43
43
41
40
37
36
34
33
36
34
30
28
27
24
22
18
16
13
10
6
3
3
2
3
3
5
2
1
0
0
1
0
0
0
0
0
1
1
1
4
7
10
12
12
11
11
11
15
20
23
24
24
23
23
20
19
21
25
24
26
27
30
28
26
25
28
33
35
39
40
40
40
41
40
40
41
40
38
34
34
33
35
35
36
39
35
34
33
33
33
23
25
23
19
17
10
8
6
7
6
4
3
2
3
2
1
0
0
0
0
0
1
0
0
0
0
0
1
1
1
3
8
10
12
12
13
18
19
24
25
25
23
22
22
20
20
22
24
26
28
30
30
32
39
43
50
55
51
46
46
44
45
42
42
41
42
43
42
42
43
39
39
40
42
43
42
39
34
35
30
28
23
18
13
9
8
8
8
8
6
5
4
2
1
0
0
0
0
0
0
0
0
1
0
0
0
0
0
0
1
1
1
7
11
14
20
23
24
24
24
22
23
22
23
22
22
22
24
28
34
45
45
49
52
56
58
58
57
53
51
52
47
46
45
48
49
49
48
49
51
50
44
43
44
41
44
44
41
34
25
20
16
14
13
11
9
10
10
9
7
2
2
1
0
0
0
0
0
0
0
0
0
0
0
1
0
0
0
0
0
0
0
2
8
17
25
24
24
23
21
23
24
25
22
28
32
31
34
38
45
49
55
57
57
55
55
54
56
59
61
58
61
60
60
57
52
52
48
45
49
47
51
47
47
48
41
28
27
24
21
19
19
17
14
14
14
13
10
0
1
3
2
0
0
0
0
0
0
0
0
0
0
0
0
0
0
1
0
0
0
0
2
5
8
15
19
20
24
23
21
24
35
39
41
37
35
32
34
43
44
55
57
61
62
63
61
58
56
62
63
64
67
66
63
66
61
59
56
51
48
47
42
35
32
32
30
23
24
29
28
27
24
21
20
16
13
0
0
0
1
3
2
0
0
0
0
0
0
0
0
0
0
0
0
0
0
0
0
0
1
2
8
8
9
12
13
21
28
34
40
39
38
39
34
34
34
35
40
48
57
60
61
65
65
66
67
64
65
64
59
63
64
67
66
66
64
66
59
52
45
41
34
23
18
17
16
17
29
46
44
34
32
25
17
